Frame 0 : 

-0.294164   0.021151   -0.745873
-0.294198   0.021203   -0.745920
-0.302842   0.117141   -0.731464
-0.507967   0.129797   -1.063331
-0.644431   0.131574   -1.375270
-0.628537   0.122160   -1.455890
-0.821856   0.149455   -1.327877
-0.294164   0.021151   -0.745873
-0.285602   -0.074680   -0.760507
-0.479370   -0.031185   -1.096488
-0.641248   0.012260   -1.392815
-0.626939   0.047505   -1.466230
-0.796682   -0.085953   -1.377456
-0.204456   0.006521   -0.598585
-0.126585   0.000327   -0.477347
-0.045243   0.000141   -0.357031
0.000000   0.000000   -0.244162
0.000000   0.000000   0.000000
-0.045345   0.000238   -0.357308
-0.015541   -0.150458   -0.361476
-0.129118   -0.193376   -0.616135
-0.339674   -0.215537   -0.769929
-0.394622   -0.221321   -0.810064
-0.045369   0.000237   -0.357457
-0.060180   0.150944   -0.331165
-0.218426   0.232502   -0.550025
-0.444636   0.256415   -0.679386
-0.503669   0.262657   -0.713144


